Codigo	Datacol	Sexo	Idade	Peso	Estatura	HIV	Escol	DST	Tipo
AB01	14/10/15	1	20	61,2	1,6	1	3	1	2
AB02	09/02/16	0	30	60	1,55	0	5	0	9
AB03	01/03/10	0	50	80	1,83	1	2	1	3
AB04	04/05/13	0	43	83	1,9	1	9	1	2
AB05	20/05/14	0	22	75,3	1,75	0	2	1	3
AB06	30/01/11	1	15	70,2	1,7	1	6	0	9
AB07	05/08/15	1	22	60	1,65	1	5	1	3
AB08	08/12/13	1	25	62	1,55	0	1	0	2
AB09	03/11/10	1	32	61	1,62	1	4	1	1
AB10	10/10/10	1	33	55	1,55	1	5	1	9
AB11	05/08/15	0	39	 9	9	0	5	1	9
AB12	09/08/14	0	60	78	1,77	0	4	1	2
AB13	07/07/15	0	 9	70	1,65	0	1	0	9
AB14	03/01/12	0	29	72	1,7	1	6	1	1
AB15	01/01/14	1	18	65	1,66	1	0	0	9
AB16	14/10/15	1	20	61,2	1,6	1	3	1	2
AB17	09/02/16	0	30	60	1,55	0	5	0	9
AB18	01/03/10	0	50	80	1,83	1	2	1	3
AB19	04/05/13	0	43	83	1,9	1	9	1	2
AB20	20/05/14	0	22	75,8	1,75	0	2	1	3
AB21	30/01/11	1	15	70,2	1,7	1	6	0	9
AB22	05/08/15	1	22	60	1,65	1	5	1	3
AB23	08/12/13	1	25	62	1,55	1	1	1	9
AB24	03/11/10	1	32	61,3	1,62	1	4	1	1
AB25	30/01/11	1	15	70,2	1,7	1	6	0	9
AB26	05/08/15	1	 9	60	1,65	1	5	1	3
AB27	08/12/13	1	25	62	1,55	1	1	1	2
AB28	03/11/10	1	32	61,7	1,62	1	4	1	1
AB29	10/10/10	1	33	55	1,55	1	9	0	9
AB30	05/08/15	0	39	50	1,5	0	5	0	9